
Processing analysis.cc("eL","l5_valencia1.4",4)...
 ######################################################################### 
  #### eL POLARISATION 
 --------------------  btag1= 0.9, btag2=0.2   ---------------------------- 
 
/home/irles/WorkArea/BBbar_tests/ntuples/bbbar_500GeV_IDR_l5_valencia1.4_eL.root
Progress: 13.2831 %
Progress: 19.9247 %
Progress: 26.5663 %
Progress: 33.2079 %
Progress: 39.8494 %
Progress: 46.491 %
Progress: 53.1326 %
Progress: 59.7742 %
Progress: 66.4157 %
Progress: 73.0573 %
Progress: 79.6989 %
Progress: 86.3405 %
Progress: 92.982 %
Progress: 99.6236 %
 Efficiencies: 
 Preselection: 58.52 %     bkg: 2.72114 %
 BcBc: 11.8637 %     bkg: 0 %
 KcKc: 4.24174 %     bkg: 0 %
 BcKc(jet1): 4.82783 %     bkg: 0 %
 BcKc(jet2): 2.30218 %     bkg: 0 %
 BcKc: 1.51651 %     bkg: 0 %
 KcBc: 2.14758 %     bkg: 0 %
0.802436 0.0159936
0.758694 0.031701
0.756539 0.0540394
0.720662 0.0524381
0.799915 0.0300436
0.77925 0.0389398
