
Processing send_all.cc("eL","s5_valencia1.4",4)...
 ######################################################################### 
  #### eL POLARISATION 
 --------------------  btag1= 0.9, btag2=0.2   ---------------------------- 
 
/home/irles/WorkArea/BBbar_tests/ntuples/bbbar_500GeV_IDR_s5_valencia1.4_eL.root
Progress: 13.2814 %
Progress: 19.9221 %
Progress: 26.5628 %
Progress: 33.2035 %
Progress: 39.8442 %
Progress: 46.4848 %
Progress: 53.1255 %
Progress: 59.7662 %
Progress: 66.4069 %
Progress: 73.0476 %
Progress: 79.6883 %
Progress: 86.329 %
Progress: 92.9697 %
Progress: 99.6104 %
 Efficiencies: 
 Preselection: 58.2194 %     bkg: 2.55395 %
 BcBc: 11.8193 %     bkg: 0 %
 KcKc: 18.4274 %     bkg: 0 %
 BcKc(jet1): 5.10435 %     bkg: 0 %
 BcKc(jet2): 0.965498 %     bkg: 0 %
 BcKc: 1.11447 %     bkg: 0 %
 KcBc: 1.49392 %     bkg: 0 %
0.805552 0.0158315
0.538848 0.0341691
0.612707 0.0729527
0.598994 0.0839918
0.632653 0.0568983
0.631794 0.104326
