
Processing analysis.cc("eL","s5_valencia1.4",4)...
 ######################################################################### 
  #### eL POLARISATION 
 --------------------  btag1= 0.9, btag2=0.2   ---------------------------- 
 
/home/irles/WorkArea/BBbar_tests/ntuples/bbbar_500GeV_IDR_s5_valencia1.4_eL.root
Progress: 13.2814 %
Progress: 19.9221 %
Progress: 26.5628 %
Progress: 33.2035 %
Progress: 39.8442 %
Progress: 46.4848 %
Progress: 53.1255 %
Progress: 59.7662 %
Progress: 66.4069 %
Progress: 73.0476 %
Progress: 79.6883 %
Progress: 86.329 %
Progress: 92.9697 %
Progress: 99.6104 %
 Efficiencies: 
 Preselection: 58.2194 %     bkg: 2.55395 %
 BcBc: 11.8193 %     bkg: 0 %
 KcKc: 3.74956 %     bkg: 0 %
 BcKc(jet1): 4.77127 %     bkg: 0 %
 BcKc(jet2): 2.13056 %     bkg: 0 %
 BcKc: 1.43068 %     bkg: 0 %
 KcBc: 2.07153 %     bkg: 0 %
0.811457 0.0153213
0.708122 0.0425585
0.706682 0.0679847
0.69974 0.0594846
0.793716 0.0318004
0.769595 0.0426289
