
Processing send_all.cc("eL","l5_valencia1.4",4)...
 ######################################################################### 
  #### eL POLARISATION 
 --------------------  btag1= 0.9, btag2=0.2   ---------------------------- 
 
/home/irles/WorkArea/BBbar_tests/ntuples/bbbar_500GeV_IDR_l5_valencia1.4_eL.root
Progress: 13.3737 %
Progress: 20.0606 %
Progress: 26.7475 %
Progress: 33.4344 %
Progress: 40.1212 %
Progress: 46.8081 %
Progress: 53.495 %
Progress: 60.1819 %
Progress: 66.8687 %
Progress: 73.5556 %
Progress: 80.2425 %
Progress: 86.9294 %
Progress: 93.6162 %
 Efficiencies: 
 Preselection: 58.514 %     bkg: 2.71852 %
 BcBc: 11.8624 %     bkg: 0 %
 KcKc: 19.0674 %     bkg: 0 %
 BcKc(jet1): 4.92641 %     bkg: 0 %
 BcKc(jet2): 1.05434 %     bkg: 0 %
 BcKc: 1.17605 %     bkg: 0 %
 KcBc: 1.41947 %     bkg: 0 %
0.801659 0.0161685
0.561754 0.049564
0.602291 0.0864531
0.611882 0.0655441
0.652616 0.0503951
0.617468 0.08464
